1682819560043
1682819560043
1682819816725
1682819904264
1682819905102
1682819912397
1682822189139
1682822189139
1682822400308
1682822483642
1682822484410
1682822490203
1682825748232
1682825748232
1682825798542
1682825815369
1682825815768
1682825817047
1682826484270
1682826484270
1682826538010
1682826556394
1682826556847
1682826558738
1682826652547
1682826652547
1682826678593
1682826686522
1682826686791
1682826687222
1682833705070
1682833705070
1682833779861
1682833797178
1682833797603
1682833799438
1682835126099
1682835126099
1682835181726
1682835199211
1682835199609
1682835201552
